num_pts: 40

variance: 05.337379996774934 
lengthscale: 2.0122888915898036 
noise: 00.1983648394877104 
seed: 100

model_variance: 05.337379996774934
model_lengthscale: 2.0122888915898036
model_noise: 00.1983648394877104 

sensor_rate: 0.5
visualize_rate: 0.01

xmin: 0.0
xmax: 50.0
ymin: 0.0
ymax: 50.0
num_pts: 40
